U 0
D 0
U 0
U 0
U 0
0.0 0.5 0.8 0.1 0.1
0.1 0.0 0.5 0.5 0.5
0.3 0.5 0.4 0.3 0.2
[ 0.3 ] 0.1 0.7 0.8 0.2
0.0 0.0 0.2 0.8 0.3
0.0 0.0 0.0 0.5 0.1
0.0 0.0 0.0 0.5 0.1
0.0 0.0 0.0 0.2 0.0
S 0.3
U 0.3
S 0.6
R 0.6
S 1.1
0.0 0.5 0.8 0.1 0.1
0.1 0.0 0.5 0.5 0.5
0 [ 0 ] 0.4 0.3 0.2
0 0.1 0.7 0.8 0.2
0.0 0.0 0.2 0.8 0.3
0.0 0.0 0.0 0.5 0.1
0.0 0.0 0.0 0.5 0.1
0.0 0.0 0.0 0.2 0.0
R 1.1
S 1.5
D 1.5
S 2.2
R 2.2
0.0 0.5 0.8 0.1 0.1
0.1 0.0 0.5 0.5 0.5
0 0 0 0.3 0.2
0 0.1 0 [ 0.8 ] 0.2
0.0 0.0 0.2 0.8 0.3
0.0 0.0 0.0 0.5 0.1
0.0 0.0 0.0 0.5 0.1
0.0 0.0 0.0 0.2 0.0
S 3.0
D 3.0
S 3.8
D 3.8
S 4.3
0.0 0.5 0.8 0.1 0.1
0.1 0.0 0.5 0.5 0.5
0 0 0 0.3 0.2
0 0.1 0 0 0.2
0.0 0.0 0.2 0 0.3
0.0 0.0 0.0 [ 0 ] 0.1
0.0 0.0 0.0 0.5 0.1
0.0 0.0 0.0 0.2 0.0
D 4.3
S 4.8
D 4.8
S 5.0
L 5.0
0.0 0.5 0.8 0.1 0.1
0.1 0.0 0.5 0.5 0.5
0 0 0 0.3 0.2
0 0.1 0 0 0.2
0.0 0.0 0.2 0 0.3
0.0 0.0 0.0 0 0.1
0.0 0.0 0.0 0 0.1
0.0 0.0 [ 0.0 ] 0 0.0
U 5.0
R 5.0
R 5.0
S 5.1
U 5.1
0.0 0.5 0.8 0.1 0.1
0.1 0.0 0.5 0.5 0.5
0 0 0 0.3 0.2
0 0.1 0 0 0.2
0.0 0.0 0.2 0 0.3
0.0 0.0 0.0 0 [ 0.1 ]
0.0 0.0 0.0 0 0
0.0 0.0 0.0 0 0.0
