NE(3,5)
S 0.2
L 0.2
S 0.5
D 0.5
S 1.3
0.0 0.5 0.8 0.1 0.1
0.1 0.0 0.5 0.5 0.5
0.3 0.5 0.4 0 0
0.3 0.1 0.7 [ 0 ] 0.2
0.0 0.0 0.2 0.8 0.3
0.0 0.0 0.0 0.5 0.1
0.0 0.0 0.0 0.5 0.1
0.0 0.0 0.0 0.2 0.0
D 1.3
S 2.1
R 2.1
S 2.4
L 2.4
0.0 0.5 0.8 0.1 0.1
0.1 0.0 0.5 0.5 0.5
0.3 0.5 0.4 0 0
0.3 0.1 0.7 0 0.2
0.0 0.0 0.2 [ 0 ] 0
0.0 0.0 0.0 0.5 0.1
0.0 0.0 0.0 0.5 0.1
0.0 0.0 0.0 0.2 0.0
D 2.4
S 2.9
L 2.9
L 2.9
D 2.9
0.0 0.5 0.8 0.1 0.1
0.1 0.0 0.5 0.5 0.5
0.3 0.5 0.4 0 0
0.3 0.1 0.7 0 0.2
0.0 0.0 0.2 0 0
0.0 0.0 0.0 0 0.1
0.0 [ 0.0 ] 0.0 0.5 0.1
0.0 0.0 0.0 0.2 0.0
R 2.9
D 2.9
L 2.9
L 2.9
L 2.9
0.0 0.5 0.8 0.1 0.1
0.1 0.0 0.5 0.5 0.5
0.3 0.5 0.4 0 0
0.3 0.1 0.7 0 0.2
0.0 0.0 0.2 0 0
0.0 0.0 0.0 0 0.1
0.0 0.0 0.0 0.5 0.1
[ 0.0 ] 0.0 0.0 0.2 0.0
D 2.9
L 2.9
U 2.9
R 2.9
U 2.9
0.0 0.5 0.8 0.1 0.1
0.1 0.0 0.5 0.5 0.5
0.3 0.5 0.4 0 0
0.3 0.1 0.7 0 0.2
0.0 0.0 0.2 0 0
0.0 [ 0.0 ] 0.0 0 0.1
0.0 0.0 0.0 0.5 0.1
0.0 0.0 0.0 0.2 0.0
L 2.9
D 2.9
L 2.9
L 2.9
R 2.9
0.0 0.5 0.8 0.1 0.1
0.1 0.0 0.5 0.5 0.5
0.3 0.5 0.4 0 0
0.3 0.1 0.7 0 0.2
0.0 0.0 0.2 0 0
0.0 0.0 0.0 0 0.1
0.0 [ 0.0 ] 0.0 0.5 0.1
0.0 0.0 0.0 0.2 0.0

SW(7,1)

D 0
R 0
D 0
D 0
R 0
0.0 0.5 0.8 0.1 0.1
0.1 0.0 0.5 0.5 0.5
0.3 0.5 0.4 0.3 0.2
0.3 0.1 0.7 0.8 0.2
0.0 0.0 0.2 0.8 0.3
0.0 0.0 0.0 0.5 0.1
0.0 0.0 0.0 0.5 0.1
0.0 0.0 [ 0.0 ] 0.2 0.0
R 0
S 0.2
R 0.2
D 0.2
D 0.2
0.0 0.5 0.8 0.1 0.1
0.1 0.0 0.5 0.5 0.5
0.3 0.5 0.4 0.3 0.2
0.3 0.1 0.7 0.8 0.2
0.0 0.0 0.2 0.8 0.3
0.0 0.0 0.0 0.5 0.1
0.0 0.0 0.0 0.5 0.1
0.0 0.0 0.0 0 [ 0.0 ]
R 0.2
U 0.2
S 0.30000000000000004
U 0.30000000000000004
S 0.4
0.0 0.5 0.8 0.1 0.1
0.1 0.0 0.5 0.5 0.5
0.3 0.5 0.4 0.3 0.2
0.3 0.1 0.7 0.8 0.2
0.0 0.0 0.2 0.8 0.3
0.0 0.0 0.0 0.5 [ 0 ]
0.0 0.0 0.0 0.5 0
0.0 0.0 0.0 0 0.0
L 0.4
S 0.9
U 0.9
S 1.7000000000000002
D 1.7000000000000002
0.0 0.5 0.8 0.1 0.1
0.1 0.0 0.5 0.5 0.5
0.3 0.5 0.4 0.3 0.2
0.3 0.1 0.7 0.8 0.2
0.0 0.0 0.2 0 0.3
0.0 0.0 0.0 [ 0 ] 0
0.0 0.0 0.0 0.5 0
0.0 0.0 0.0 0 0.0
D 1.7000000000000002
S 2.2
L 2.2
L 2.2
R 2.2
0.0 0.5 0.8 0.1 0.1
0.1 0.0 0.5 0.5 0.5
0.3 0.5 0.4 0.3 0.2
0.3 0.1 0.7 0.8 0.2
0.0 0.0 0.2 0 0.3
0.0 0.0 0.0 0 0
0.0 0.0 [ 0.0 ] 0 0
0.0 0.0 0.0 0 0.0
U 2.2
L 2.2
U 2.2
U 2.2
S 2.3000000000000003
0.0 0.5 0.8 0.1 0.1
0.1 0.0 0.5 0.5 0.5
0.3 0.5 0.4 0.3 0.2
0.3 [ 0 ] 0.7 0.8 0.2
0.0 0.0 0.2 0 0.3
0.0 0.0 0.0 0 0
0.0 0.0 0.0 0 0
0.0 0.0 0.0 0 0.0
